40-50 BY MACHETE

0.11456
0.11250
0.11614
0.11271
0.11679
0.11752
0.11892
0.11144
0.11496
0.11268
    50-60:
        0.12089
0.12184
0.11628
0.11827
0.11769
0.11646
0.12053
0.12076
0.12666
0.11886
    60-70:
        0.12509
0.12586
0.12726
0.12736
0.12767
0.12634
0.12762
0.12566
0.12790
0.12370
    70-80:
        0.12774
0.12671
0.12793
0.12592
0.12677
0.12876
0.12586
0.12591
0.12575
0.12582
    80-90:
        0.12757
0.12751
0.12880
0.12849
0.12773
0.12768
0.12723
0.12803
0.12827
0.12747
    90-100:
        0.12962
0.12912
0.12854
0.12953
0.13070
0.12858
0.12962
0.12842
0.13005
0.12961
20-40 ping
0.115
0.15529888
0.125918
0.109333
0.1025
0.102566
0.1088344
0.1664398
0.164
0.187
0.1145
0.1499

40-60 ping
0.1384
0.1843
0.133
0.18
0.151
0.12118333

70-90 ping
0.1344
0.1365
0.1357
0.1355
0.1437
0.11923
0.13772123
0.12313232
0.1332241241231
0.1368123

110-140 ping
0.1345
0.1409
0.141199
0.143765

140-180
0.129934
0.1652131
0.125333
0.1223333
0.15
0.16
0.165455312399999